 OVERLAPI
    0.100000000000000E+01    0.613563533143450E+00    0.100000000000000E+01    0.275305019655639E+00    0.740976653874553E+00
    0.100000000000000E+01    0.415353379588399E-01    0.230196421764116E+00    0.204172555254573E+00    0.100000000000000E+01
    0.230196421764116E+00    0.560199953310765E+00    0.578897239964926E+00    0.613563533143450E+00    0.100000000000000E+01
    0.204172555254573E+00    0.578897239964926E+00    0.854853734234895E+00    0.275305019655639E+00    0.740976653874553E+00
    0.100000000000000E+01
 NUCLATTR
   -0.100502843136908E+02   -0.502445042819504E+01   -0.537316876553632E+01   -0.215578069620075E+01   -0.338351841023811E+01
   -0.326205154366533E+01   -0.328409537912159E+00   -0.188796785131159E+01   -0.161297744713301E+01   -0.100502843136908E+02
   -0.188796785131159E+01   -0.321918225116043E+01   -0.276175543918262E+01   -0.502445042819504E+01   -0.537316876553632E+01
   -0.161297744713301E+01   -0.276175543918262E+01   -0.290343127025323E+01   -0.215578069620075E+01   -0.338351841023811E+01
   -0.326205154366533E+01
 KINETICI
    0.954363209100000E+01    0.180452262164156E+01    0.173838449850000E+01    0.246877697812164E+00    0.548717224003588E+00
    0.470474687250000E+00   -0.444285687598618E+00    0.234541829912909E+00    0.146604696926345E+00    0.954363209100000E+01
    0.234541829912909E+00    0.597639931067188E+00    0.358145401107825E+00    0.180452262164156E+01    0.173838449850000E+01
    0.146604696926345E+00    0.358145401107825E+00    0.360138415837964E+00    0.246877697812164E+00    0.548717224003588E+00
    0.470474687250000E+00
 SO2eint
 0.284620563542232974E+01 0.150527873108357069E+01 0.823771719254834722E+00 0.158001360072358299E+01 0.921562815364488030E+00
 0.121473725209605288E+01 0.650047042100474148E+00 0.358453065088050526E+00 0.407471760056552945E+00 0.156253157039024093E+00
 0.960549024124508044E+00 0.569286394749450975E+00 0.793408155723184350E+00 0.252830758503306829E+00 0.531603090172403370E+00
 0.872455518916278705E+00 0.526813825794764101E+00 0.792832535069041611E+00 0.235236924983030754E+00 0.554547841665275820E+00
 0.631942495592548892E+00 0.768827812974491182E-01 0.446390256507320157E-01 0.563125978619673784E-01 0.196916708985619970E-01
 0.359109532990992686E-01 0.345105532038513588E-01 0.491022927496644404E-02 0.269597673613185984E+00 0.163570295149416733E+00
 0.241840682009472535E+00 0.730853496442195744E-01 0.164472692920942631E+00 0.173436231442110816E+00 0.196938772189090422E-01
 0.115953786730041850E+00 0.213209744390771644E+00 0.129968909175985997E+00 0.197722884178936076E+00 0.581667600592848319E-01
 0.136715695652302266E+00 0.148370939443433103E+00 0.153493540801001808E-01 0.984040625389402263E-01 0.859399841133267478E-01
 0.999639169813046014E+00 0.612271113734070727E+00 0.952324935874854561E+00 0.274456177586672789E+00 0.663748297603630744E+00
 0.725808484643430396E+00 0.768827812974491320E-01 0.544314446639487581E+00 0.480541255496795272E+00 0.284620563542232974E+01
 0.544314446639487581E+00 0.300105130836736234E+00 0.340963784015884341E+00 0.130812955469902931E+00 0.211521115607842758E+00
 0.196747750887224210E+00 0.196938772189090422E-01 0.721686791906306219E-01 0.568515680647808663E-01 0.269597673613185984E+00
 0.115953786730041850E+00 0.759505429433206869E+00 0.449179641334168767E+00 0.620115048757377885E+00 0.199362325217854047E+00
 0.413251264215827530E+00 0.426529479998268624E+00 0.367639055916765545E-01 0.180830149657147804E+00 0.151307043578032374E+00
 0.759505429433206758E+00 0.180830149657147804E+00 0.381213688447627430E+00 0.587705834264265481E+00 0.353476867478466961E+00
 0.521596005326895207E+00 0.157647147367685592E+00 0.359964193764881590E+00 0.396917101801823713E+00 0.300761523833328950E-01
 0.166628185637863996E+00 0.144883154212510967E+00 0.735728222112833397E+00 0.143052748434535193E+00 0.338847676784461871E+00
 0.324475122586349585E+00 0.612271113734070616E+00 0.374164850035719754E+00 0.576888490811374943E+00 0.167595676649826497E+00
 0.401643566117268314E+00 0.440614041394848832E+00 0.446390256507320227E-01 0.300105130836736178E+00 0.265146930889697263E+00
 0.150527873108357069E+01 0.163570295149416706E+00 0.449179641334168656E+00 0.436616485253241926E+00 0.823771719254834722E+00
 0.952324935874854561E+00 0.576888490811375054E+00 0.872102977107046318E+00 0.257796560140070186E+00 0.607899886068784423E+00
 0.679615582760955572E+00 0.563125978619673923E-01 0.340963784015884397E+00 0.301808366214215973E+00 0.158001360072358299E+01
 0.241840682009472563E+00 0.620115048757377885E+00 0.611521664193305559E+00 0.921562815364488030E+00 0.121473725209605288E+01
 0.480541255496795272E+00 0.265146930889697319E+00 0.301808366214215973E+00 0.115596978083560439E+00 0.187338819517202521E+00
 0.174383557855127158E+00 0.153493540801001808E-01 0.568515680647808594E-01 0.451248077964768110E-01 0.213209744390771644E+00
 0.984040625389402263E-01 0.151307043578032374E+00 0.119733766975792438E+00 0.129968909175985969E+00 0.197722884178936076E+00
 0.859399841133267478E-01 0.735728222112833508E+00 0.436616485253242037E+00 0.611521664193305670E+00 0.193981840963359492E+00
 0.410743204172053566E+00 0.430382475495007910E+00 0.300761523833328950E-01 0.143052748434535193E+00 0.119733766975792438E+00
 0.587705834264265370E+00 0.166628185637863996E+00 0.338847676784461871E+00 0.300040463624160036E+00 0.353476867478466850E+00
 0.521596005326895096E+00 0.144883154212510967E+00 0.324475122586349585E+00 0.710274111795101804E+00 0.429531106583447675E+00
 0.650875310829449716E+00 0.191883469896750453E+00 0.457237610145358797E+00 0.526424499167889914E+00 0.309779629415565215E-01
 0.165139339688278597E+00 0.143486092670733145E+00 0.710274111795101915E+00 0.165139339688278597E+00 0.379678797333688700E+00
 0.365937892655638308E+00 0.429531106583447675E+00 0.650875310829449938E+00 0.143486092670733145E+00 0.365937892655638308E+00
 0.461807718405134016E+00 0.274456177586672789E+00 0.167595676649826525E+00 0.257796560140070075E+00 0.750522381469709010E-01
 0.179446302341734532E+00 0.197060097469612727E+00 0.196916708985620040E-01 0.130812955469902931E+00 0.115596978083560425E+00
 0.650047042100474148E+00 0.730853496442195744E-01 0.199362325217854047E+00 0.193981840963359436E+00 0.358453065088050526E+00
 0.407471760056552945E+00 0.581667600592848250E-01 0.157647147367685564E+00 0.191883469896750508E+00 0.156253157039024093E+00
 0.663748297603630744E+00 0.401643566117268425E+00 0.607899886068784423E+00 0.179446302341734532E+00 0.425543792204314320E+00
 0.482928763237451708E+00 0.359109532990992755E-01 0.211521115607842758E+00 0.187338819517202521E+00 0.960549024124508044E+00
 0.164472692920942631E+00 0.413251264215827530E+00 0.410743204172053566E+00 0.569286394749450975E+00 0.793408155723184350E+00
 0.136715695652302266E+00 0.359964193764881590E+00 0.457237610145358964E+00 0.252830758503306829E+00 0.531603090172403370E+00
 0.725808484643430396E+00 0.440614041394848943E+00 0.679615582760955461E+00 0.197060097469612727E+00 0.482928763237451708E+00
 0.571652421881214567E+00 0.345105532038513657E-01 0.196747750887224210E+00 0.174383557855127158E+00 0.872455518916278705E+00
 0.173436231442110816E+00 0.426529479998268568E+00 0.430382475495007910E+00 0.526813825794764101E+00 0.792832535069041611E+00
 0.148370939443433103E+00 0.396917101801823713E+00 0.526424499167890025E+00 0.235236924983030754E+00 0.554547841665275820E+00
 0.631942495592548892E+00
